2	913708	4	100
2	1114163	4	34
2	2599862	7	110
2	2716490	7	85
2	3036131	4	128
2	3576799	5	50
2	3790304	5	150
2	3927113	10	128
2	3930474	9	134
2	4513817	11	106
2	4786194	5	66
2	5384793	13	127
2	5432106	5	62
2	5433666	10	66
2	5711212	7	102
2	6271040	1	90
2	6365741	5	97
2	6639717	8	157
2	6734166	3	100
2	6943099	5	74
2	7055354	2	40
2	7089041	1	8
2	7290121	7	123
2	7290274	8	100
2	7290327	4	98
2	7291466	3	107
2	7291617	8	71
2	7292305	5	92
2	7296669	3	117
2	7315668	8	87
2	7316278	3	98
2	7475520	9	177
2	7479925	14	142
2	7617897	2	63
2	7770892	9	88
2	7784952	1	140
2	7784955	1	140
2	8166605	1	127
2	8448190	10	51
2	8524933	2	122
2	8526571	13	188
2	8526591	16	183
2	8873659	11	69
2	8959601	11	58
2	8961031	8	47
2	8961641	10	64
2	10052992	10	48
2	10077047	9	51
2	10092895	13	53
2	10308140	2	63
2	10405581	1	30
2	10444311	12	98
2	10944250	16	76
2	10944270	14	74
2	11180535	2	80
2	12198157	21	142
2	12280207	12	100
2	13224264	17	91
2	13314361	18	140
2	13600359	14	50
2	13818134	7	38
2	14226181	7	62
2	14226375	8	61
2	14819835	10	32
2	14819889	1	34
2	14820338	10	31
2	15028373	7	78
2	15188482	6	140
2	15188560	12	151
2	15188577	13	153
2	15454341	6	124
2	15592542	7	61
2	16140454	17	69
2	16251258	2	141
2	16251285	1	166
2	16267050	5	126
2	16527354	6	78
2	16527370	6	71
2	16531584	9	111
2	17032708	19	129
2	17459644	3	41
2	17690515	7	129
2	17717334	13	123
2	17763423	11	140
2	17763463	10	139
2	17810465	13	138
2	17810533	22	150
2	17810774	11	177
2	17811460	3	129
2	17812076	14	161
2	17812415	14	169
2	17817789	8	126
2	17820778	15	153
2	17822730	12	140
2	17825212	2	158
2	17826600	15	144
2	18126920	8	154
2	18129763	3	104
2	18156988	12	66
2	18157084	10	49
2	18157085	10	49
2	18169364	7	144
2	18488668	8	102
2	18490683	13	141
2	18796216	10	88
2	18868437	13	111
2	18879952	9	115
2	18897566	1	76
2	18899625	14	99
2	18902327	24	125
2	18902328	23	124
2	18908574	10	158
2	18947337	1	132
2	19000631	12	71
2	19222471	20	89
2	19472667	29	154
2	19473385	15	158
2	19473923	19	161
2	19477046	16	100
2	19495973	15	117
2	19622004	19	100
2	19622023	23	115
2	19622041	1	110
2	19626377	22	98
2	19776211	22	134
2	19802540	27	146
2	19846428	9	43
2	20057803	7	106
2	20343515	22	115
2	20414030	8	79
2	20656043	15	67
2	20785727	6	38
2	20999515	16	41
2	22467722	43	91
2	22467723	50	94
2	22468026	34	84
2	22468807	30	94
2	22537487	36	95
2	22887113	1	74
2	22954607	3	128
2	23065337	28	128
2	23578123	2	41
2	23602620	26	114
2	23699584	8	84
2	27561010	4	35
2	27939323	15	45
2	28574501	51	90
2	28574504	36	90
2	28638207	14	115
2	29001113	26	44
2	29291467	5	66
2	29338811	15	30
2	29364249	8	30
2	29909237	14	149
2	29909297	1	148
2	29910474	22	166
2	29916384	25	180
2	29916406	19	157
2	29920040	21	118
2	29924973	29	119
2	29926337	19	67
2	30080192	33	75
2	30860356	23	135
2	31045431	22	159
2	31280204	30	77
2	31384336	14	48
2	31402417	22	46
2	31458686	13	35
2	31474489	20	45
2	31525383	26	51
2	31525586	24	48
2	31525724	24	45
2	31783601	2	120
2	31783991	7	28
2	31851210	3	17
2	31968258	22	50
2	32897147	16	32
2	32897186	23	39
2	33004432	35	76
2	33105982	32	66
2	33106166	34	72
2	33403170	47	95
2	33425311	33	69
2	33426323	18	49
2	33426508	28	60
2	33428644	32	67
2	33429427	24	78
2	33459263	9	47
2	33673495	15	42
2	33677229	10	62
2	33692639	1	59
2	33787706	31	148
2	34014657	24	122
2	34197659	15	124
2	34230513	11	98
2	34231541	14	122
2	34423099	56	128
2	34424221	61	191
2	34680389	21	168
2	34680578	29	135
2	34692069	14	144
2	34698647	17	131
2	34803048	2	29
2	35128654	33	97
2	35208628	17	83
2	35210284	44	174
2	35760762	28	136
2	35773612	35	119
2	35832558	21	132
2	35832559	22	131
2	35841749	26	138
2	35842771	28	154
2	35925452	26	137
2	35930536	12	80
2	36018002	23	100
2	36536168	33	57
2	36536193	21	50
2	36578461	28	74
2	36689422	39	74
2	36751376	39	77
2	36805549	20	50
2	36880837	28	54
2	36880974	26	50
2	36916056	20	62
2	36962969	28	60
2	36966918	16	56
2	37074020	31	63
2	37074455	42	73
2	37143659	20	55
2	37222364	39	116
2	37224070	40	131
2	37302385	30	60
2	37302591	30	55
2	37347314	11	45
2	37349428	31	85
2	37363242	15	48
2	37363245	15	47
2	37384190	20	54
2	37406806	20	51
2	37407710	23	54
2	37500367	38	70
2	37500399	46	77
2	37546193	32	57
2	37553250	38	65
2	37614729	29	66
2	37816956	29	60
2	38015688	42	76
2	38092915	25	58
2	38210067	37	63
2	38210094	37	66
2	38218792	39	74
2	38218804	39	80
2	38563884	25	50
2	38591222	37	65
2	38662458	30	78
2	38863030	26	53
2	38867386	32	69
2	38870461	37	80
2	38872691	22	54
2	38956022	19	47
2	39141128	6	24
2	39208792	36	62
2	39529794	17	38
2	39529824	24	48
2	39529843	24	52
2	39529862	19	50
2	39530162	28	47
2	39616727	25	49
2	40018244	11	40
2	40098755	16	40
2	40100836	45	83
2	40104033	39	72
2	40104079	45	78
2	40287431	28	51
2	40287483	29	63
2	40347552	26	51
2	40348591	23	44
2	40355058	40	70
2	40355062	40	76
2	40355102	32	68
2	40502745	22	74
2	40760675	27	109
2	40760968	20	51
2	40761059	15	53
2	40762728	15	44
2	40776192	16	50
2	40815941	36	65
2	40818294	39	77
2	40873498	25	58
2	40913558	19	33
2	40913571	20	34
2	41116547	37	152
2	41228880	53	197
2	41288493	37	145
2	41288501	42	153
2	41292787	31	137
2	41308709	17	105
2	41329663	30	118
2	41329666	30	120
2	41334898	22	117
2	41426523	25	131
2	41525136	23	47
2	41568423	16	99
2	41581472	7	71
2	41599993	14	39
2	41604974	7	32
2	41662093	16	49
2	41698025	27	59
2	41726024	12	22
2	42300495	38	71
2	42382866	31	60
2	42404255	15	43
2	42404384	11	35
2	42545502	28	55
2	42565284	12	39
2	42569149	20	43
2	42761518	8	26
2	42769670	17	74
2	42963672	23	57
2	43016364	31	63
2	43081031	15	42
2	43081729	20	46
2	43083345	27	67
2	43083519	26	52
2	43086663	31	68
2	43086951	28	54
2	43089449	15	47
2	43090997	23	58
2	43091012	27	60
2	43091033	23	57
2	43091201	20	52
2	43092985	18	43
2	43093325	16	42
2	43093327	17	45
2	43094599	22	59
2	43129182	17	57
2	43154562	24	60
2	43387564	28	66
2	43580230	10	39
2	43583563	27	53
2	43591758	35	68
2	43693567	16	48
2	43694836	17	43
2	43828869	7	27
2	43976740	29	65
2	44002050	15	51
2	44008608	15	50
2	44027537	15	45
2	44266835	20	51
2	44357454	13	52
2	44667170	14	43
2	44764529	6	39
2	44795872	7	39
2	44802468	22	58
2	44802544	27	70
2	44803410	23	59
2	44854390	8	39
2	44867818	22	52
2	44873840	34	69
2	44961403	19	59
2	45006389	25	58
2	45014410	10	35
2	45136175	23	80
2	45190336	42	135
2	45289046	30	60
2	45312950	2	102
2	45651916	30	77
2	45678056	15	59
2	45678401	26	58
2	45679713	20	56
2	45738208	18	64
2	45871224	23	95
2	45871351	28	112
2	46250611	24	105
2	46364590	23	147
2	46403705	3	70
2	46481395	31	113
2	46585668	8	60
2	46585674	8	58
2	46638716	17	66
2	46668805	19	53
2	46700741	24	147
2	46700902	27	152
2	46701047	31	152
2	46701358	29	136
2	46701432	27	147
2	46701440	30	159
2	46701854	17	149
2	46701899	18	136
2	46752751	25	107
2	46756859	17	144
2	46760671	14	82
2	46912221	12	42
2	47015983	20	139
2	47016533	13	110
2	47142357	8	122
2	47143158	35	150
2	47401155	28	125
2	47401209	20	131
2	47403972	46	150
2	47404449	38	143
2	47404740	24	133
2	47408539	20	154
2	47534456	12	106
2	47558529	35	108
2	47668584	15	112
2	47668595	14	110
2	47697095	6	55
2	47760152	23	87
2	47796879	10	50
2	47796949	9	53
