1	932761	4	33
1	932773	4	37
1	1257850	3	93
1	1257967	1	67
1	1257980	1	67
1	1663299	14	203
1	5542432	10	75
1	5542435	9	69
1	5542980	2	73
1	5543080	4	65
1	5963534	7	76
1	5965161	2	54
1	5969976	6	80
1	6359489	6	168
1	6371344	8	169
1	7543101	10	116
1	8099241	12	112
1	8252362	6	69
1	8368856	4	69
1	8368982	8	78
1	8371709	4	91
1	8489669	1	125
1	8503679	5	21
1	9325723	6	144
1	9531649	4	174
1	10100068	1	113
1	10277890	6	253
1	10384488	6	47
1	11066136	1	178
1	11113935	8	74
1	11253502	2	45
1	11261929	6	66
1	11534886	11	240
1	11534916	2	252
1	12141379	6	190
1	12147939	12	196
1	12362996	3	159
1	12366166	6	168
1	12719855	5	186
1	13678325	7	116
1	13913479	10	192
1	14143640	7	149
1	14741120	4	69
1	14741129	5	71
1	17227511	3	93
1	17232672	7	95
1	17478794	3	63
1	17479096	4	81
1	18128023	8	60
1	19140138	3	35
1	20208967	5	121
1	21310069	16	27
1	22379121	1	46
1	22475975	5	33
1	22478687	15	50
1	22619993	6	25
1	23307263	14	39
1	23498412	5	82
1	23532220	18	268
1	23532798	7	146
1	23703325	5	208
1	24310510	4	9
1	24953860	9	104
1	24954635	6	88
1	26186607	10	251
1	26204887	8	95
1	26219933	2	106
1	26219935	2	109
1	26272740	2	267
1	26330316	19	241
1	26330321	2	238
1	26349391	18	244
1	26403564	3	153
1	26463681	18	256
1	26524913	6	194
1	26525064	4	162
1	26759456	18	272
1	26760573	3	198
1	27119025	7	93
1	27139103	11	117
1	27271686	4	104
1	27271787	6	105
1	27274973	8	117
1	27279834	10	118
1	27283516	8	108
1	27358308	3	122
1	27390069	21	139
1	27662795	10	298
1	28119799	17	122
1	28182528	3	153
1	28201429	6	164
1	29091138	12	244
1	29108567	1	190
1	29565876	6	246
1	29569345	14	206
1	29660161	1	31
1	29823669	8	201
1	29859690	1	29
1	29932818	1	209
1	30104478	3	25
1	30104535	1	30
1	30949635	4	241
1	31018833	1	119
1	32030233	7	61
1	32090745	2	93
1	32445504	18	203
1	32739723	2	119
1	32891540	2	43
1	33019228	13	111
1	33019833	11	131
1	33046569	1	134
1	33132444	5	138
1	34816404	1	27
1	34818434	1	39
1	34821007	1	39
1	34821008	1	35
1	34821308	4	41
1	35496856	1	58
1	35496938	1	61
1	36765273	1	70
1	38448681	1	70
1	43113222	3	65
1	43113397	3	64
1	43288193	3	120
1	44205915	2	130
1	45286949	1	138
1	45692063	8	190
1	45943473	1	63
1	46013796	16	143
1	46013833	20	152
1	46013888	17	146
1	46035271	11	159
1	46421744	16	239
1	46860740	11	160
1	46999181	3	78
1	46999644	2	68
1	48564001	2	42
1	48858394	7	170
1	48894396	2	62
1	49371150	5	86
1	50826795	5	207
1	50867886	6	185
1	51009447	21	93
