3	1164816	1	86
3	1176507	4	71
3	1431009	3	72
3	1446864	2	21
3	1457856	3	13
3	1457934	7	21
3	1457958	7	29
3	2000289	1	18
3	2046632	3	21
3	2056590	3	22
3	2056593	3	21
3	2056635	5	25
3	2327158	4	42
3	2327302	3	30
3	2327316	3	31
3	2327318	3	32
3	2343373	1	19
3	2368150	3	66
3	2535306	4	74
3	2886415	8	65
3	3249733	5	70
3	3288427	1	87
3	3288895	5	93
3	3288899	5	95
3	3563903	2	74
3	3563908	3	78
3	3845928	3	83
3	3922638	6	76
3	3948705	2	54
3	3967235	9	55
3	4011132	7	74
3	4032552	2	46
3	4032553	2	46
3	4032562	2	43
3	4035094	2	48
3	4035107	2	45
3	4037560	2	62
3	4245383	1	58
3	4250241	2	84
3	4327069	3	44
3	4327096	2	50
3	4327990	1	31
3	4328908	1	46
3	4330259	5	44
3	4331264	2	46
3	4331491	2	57
3	4331605	1	38
3	4332846	4	31
3	4332858	5	31
3	4697954	1	65
3	4775331	1	45
3	4919902	2	90
3	4921420	4	72
3	4921619	7	85
3	4925015	5	78
3	4925127	4	95
3	4925143	3	96
3	4925215	2	79
3	4926808	3	74
3	4928664	3	84
3	4928703	4	81
3	4929509	4	76
3	4930530	3	77
3	4930602	4	84
3	4936307	3	86
3	4983417	2	70
3	4984571	1	75
3	4993238	3	91
3	4995621	6	60
3	5018318	2	56
3	5020972	1	57
3	5047131	2	71
3	5047384	1	96
3	5066119	4	51
3	5066242	2	43
3	5066262	2	35
3	5066395	10	80
3	5216508	6	53
3	5276681	2	79
3	5440529	2	71
3	5459832	2	36
3	5459861	3	36
3	5466510	2	88
3	5472783	1	33
3	5488669	4	40
3	5506134	3	79
3	5506163	1	76
3	5560013	1	86
3	5561180	2	80
3	5695124	2	75
3	5696786	3	80
3	5701527	2	63
3	5701572	2	77
3	5774102	3	86
3	5862528	4	36
3	5862531	4	37
3	5939803	4	31
3	5947542	1	49
3	5973373	2	35
3	5976224	1	31
3	5978454	3	25
3	6043663	2	25
3	6044285	6	36
3	6068274	1	50
3	6068300	1	51
3	6071188	4	84
3	6130300	1	61
3	6167366	1	46
3	6167379	1	45
3	6178267	2	38
3	6180823	6	41
3	6355484	1	51
3	6440372	4	75
3	6498553	1	78
3	6499680	4	85
3	6762260	2	67
3	7493629	1	34
3	7493648	2	36
3	8282354	8	27
3	9149356	2	11
3	9414719	2	44
3	10303704	6	70
3	11921972	12	58
3	11921978	13	62
3	11945659	1	53
3	12936837	2	16
3	13184786	2	58
3	13374080	25	81
3	14773006	15	54
3	14969878	7	31
3	15054388	9	47
3	15865948	2	74
3	16194760	3	61
3	16650915	6	68
3	17409419	1	47
3	17687492	6	66
3	17687955	2	48
3	17696514	9	59
3	17703558	10	45
3	17931522	13	52
3	18123940	2	41
3	18124055	1	54
3	18558611	2	31
3	18750295	2	63
3	19070900	1	42
3	19070925	1	37
3	19071006	1	35
3	19071031	1	29
3	19147481	1	37
3	19279729	4	73
3	19496861	5	22
3	20187591	2	24
3	30097907	7	37
3	33095487	2	75
3	34644924	1	29
3	37399325	1	68
3	38398042	4	19
3	38610697	2	6
3	39552209	1	6
3	39849103	1	81
3	39851689	3	93
3	39852128	5	87
3	39852322	3	60
3	39854141	3	88
3	40618394	1	56
3	43230910	2	54
3	43230918	2	53
3	45487431	10	89
3	45794604	6	32
