1164816
1176507
1431009
1446864
1457856
1457934
1457958
1461908
1461940
1630949
1662803
1662808
1668017
1668027
2000289
2046632
2056590
2056593
2056635
2063542
2327158
2327302
2327316
2327318
2343373
2368150
2377466
2535306
2748845
2842312
2886415
3249733
3288427
3288895
3288899
3563903
3563908
3807679
3845928
3855994
3906618
3922638
3948705
3967235
4011132
4032552
4032553
4032562
4035094
4035107
4037560
4038809
4245383
4250241
4327069
4327096
4327990
4328908
4329928
4330259
4331264
4331491
4331605
4331672
4332046
4332846
4332858
4339421
4697939
4697954
4775331
4919902
4921420
4921619
4925015
4925127
4925143
4925215
4926808
4928664
4928703
4929509
4930530
4930602
4936307
4944269
4983417
4984571
4993238
4995621
5018318
5020972
5044828
5047131
5047384
5047435
5060443
5066119
5066242
5066262
5066395
5074925
5158868
5216508
5276681
5334584
5347932
5421926
5440529
5445543
5445875
5457602
5459832
5459861
5466510
5472783
5479586
5488271
5488669
5506134
5506163
5560013
5561180
5568132
5651136
5662494
5670147
5695124
5696786
5699716
5701527
5701572
5774102
5774103
5862528
5862531
5922928
5939803
5947542
5950357
5950364
5972873
5973373
5976224
5978454
6043663
6044285
6066759
6068274
6068300
6071188
6082882
6102112
6126366
6129041
6130300
6165605
6167366
6167379
6171648
6178267
6178621
6180823
6289801
6307673
6309661
6355484
6364342
6440372
6498553
6499127
6499680
6762260
7493629
7493648
7823028
8025349
8282354
8357045
8358781
9149356
9358529
9414719
10303704
11921972
11921978
11945659
12068207
12936837
13016278
13104690
13104841
13105056
13184786
13374080
13483316
13684384
14773006
14969878
15054388
15274403
15865948
16194760
16650915
16902814
17409419
17687492
17687955
17696514
17703558
17931522
18123940
18124055
18124374
18558611
18750295
19070900
19070925
19071006
19071031
19147481
19279729
19481689
19496809
19496861
20187591
20300550
20353409
20563479
21224986
22561380
29954047
30014220
30097907
30518018
30518046
32593983
33095487
33171840
33219401
34644924
34718665
35010385
36566233
37399325
38398042
38610697
39552209
39849103
39851488
39851689
39852128
39852322
39854141
40618394
40618396
43230910
43230918
45040148
45487431
45794604
45842408
