913708
1114163
2599862
2600174
2716490
3036131
3576799
3790304
3927113
3930474
4175211
4513817
4786194
5384793
5432106
5433666
5689238
5690055
5691552
5711212
5847684
6271040
6365741
6540663
6639717
6734166
6738645
6765128
6770546
6943099
7055354
7089041
7089049
7210833
7265422
7287994
7290121
7290274
7290327
7291466
7291617
7292305
7296669
7315668
7316278
7327352
7468572
7475520
7479925
7617897
7770892
7784952
7784955
7865762
7888294
8166605
8317994
8442302
8448190
8524933
8525184
8526571
8526591
8693009
8694675
8696105
8873659
8959601
8961031
8961641
9269022
10052992
10077047
10092895
10139750
10158729
10158734
10308140
10335848
10335867
10405581
10444311
10924613
10944250
10944270
11108845
11116544
11116893
11180535
11235148
11235163
12198157
12280207
13224264
13314361
13600359
13818134
14129560
14226181
14226375
14775255
14819835
14819889
14820338
15028373
15188482
15188560
15188577
15419629
15454341
15592542
16140454
16251258
16251285
16267050
16527354
16527370
16531584
17032708
17459644
17690515
17717334
17763423
17763463
17810465
17810533
17810774
17811460
17812076
17812415
17817789
17820778
17822730
17825212
17826600
18126920
18129763
18156988
18157084
18157085
18169364
18488668
18490683
18796216
18797017
18868437
18879952
18897566
18899625
18902327
18902328
18908574
18947337
19000631
19222471
19472667
19473385
19473923
19477046
19495973
19622004
19622023
19622041
19626377
19776211
19802540
19811696
19846428
20057803
20343515
20414030
20656043
20785727
20999515
22467722
22467723
22468026
22468807
22532260
22532266
22537487
22887113
22954607
23065337
23578123
23602620
23699531
23699584
27561010
27939323
28574501
28574504
28638207
28913170
29001113
29291467
29338811
29364249
29364323
29909237
29909297
29910474
29916384
29916406
29920040
29924973
29926337
30080192
30860356
31045431
31280204
31384336
31402417
31458686
31474489
31525383
31525586
31525724
31783601
31783991
31851210
31968258
32480151
32897147
32897186
32897894
33004432
33105982
33106166
33403170
33425311
33426323
33426508
33428644
33429427
33459263
33673495
33677229
33692639
33787706
34014657
34197659
34230513
34231541
34423099
34424221
34680389
34680578
34692069
34698647
34803048
35128654
35129853
35208628
35210284
35760762
35773612
35832558
35832559
35841749
35842771
35925452
35930536
36018002
36536168
36536193
36578461
36689422
36751376
36805549
36880837
36880974
36916056
36962969
36966918
36999982
37000050
37000439
37074020
37074455
37143659
37222364
37224070
37302385
37302591
37347314
37349428
37363242
37363245
37384190
37406806
37407710
37500367
37500399
37546193
37553250
37614729
37630265
37631139
37632359
37816956
37840748
38015688
38092915
38210067
38210094
38218792
38218804
38563884
38591222
38662458
38863030
38867386
38870461
38872691
38956022
39037063
39037066
39141128
39156643
39208792
39529794
39529824
39529843
39529862
39530162
39616727
40018244
40098755
40100836
40104033
40104079
40287431
40287483
40347552
40348591
40355058
40355062
40355102
40502745
40502907
40760675
40760968
40761059
40762728
40776192
40815941
40818294
40825333
40873498
40913558
40913571
41116547
41228880
41288493
41288501
41292787
41308709
41329663
41329666
41334898
41426523
41525136
41568423
41581472
41599993
41600021
41604974
41662093
41698025
41726024
42300495
42382866
42404255
42404384
42545502
42565284
42569149
42761518
42769670
42963672
43016364
43081031
43081729
43083345
43083519
43086663
43086951
43089449
43090997
43091012
43091033
43091201
43092985
43093325
43093327
43094599
43129182
43154562
43387564
43580230
43583563
43591758
43693567
43694836
43828869
43976740
44002050
44008608
44027537
44266835
44357454
44667170
44764529
44795872
44802468
44802544
44803410
44854390
44867818
44873840
44961403
45006389
45014410
45136175
45190336
45289046
45312950
45651916
45678056
45678401
45679713
45738208
45871224
45871351
46250611
46364590
46403705
46481395
46585668
46585674
46638716
46668805
46700741
46700902
46701047
46701358
46701432
46701440
46701854
46701899
46752751
46756859
46760671
46912221
47015983
47016533
47142357
47143158
47401155
47401209
47403972
47404449
47404740
47408539
47454408
47534456
47558529
47668584
47668595
47697095
47760152
47796879
47796949
