1982610
1983077
1983092
1983311
1983398
2225348
2225726
2227209
2281027
2281047
2322075
2650438
2658241
2659896
2664668
2667481
3382087
3990890
3991240
4032519
4130745
4131101
4439262
4570005
4932915
5150040
5150412
5152146
5152194
5152480
5183184
5184133
5184139
5189854
5190818
5198296
5201865
5206002
5206474
5215788
5215816
5221056
5221067
5367158
5603255
5775160
6195631
6196858
6196861
6197154
6197174
6273467
6273876
6331120
6335327
6337389
6339959
6367394
6373277
6668236
7431780
7586506
7586510
8650818
9424995
10259639
10298932
10309031
10326389
10326472
10330045
10372039
10466183
10941871
10942115
