931762
932761
932773
1257850
1257967
1257980
1663299
4675530
5542432
5542435
5542980
5543080
5963534
5965161
5969976
6359489
6371344
7543101
8099241
8252362
8368856
8368982
8371709
8475470
8489669
8503679
9325723
9404776
9531649
10100068
10277890
10384488
11066136
11113935
11253502
11261929
11534886
11534916
12141379
12147939
12362159
12362996
12366166
12719855
13678325
13913479
14143640
14741120
14741129
17227511
17232672
17478794
17479096
18128023
19140138
20208967
21310069
21526491
22379121
22475975
22478687
22619993
23307263
23498412
23532220
23532798
23703325
24310510
24953860
24954635
25869252
25869260
26186607
26204887
26219933
26219935
26272740
26330316
26330321
26349391
26403564
26453481
26463681
26524913
26525064
26759456
26760573
27119025
27139103
27267834
27267840
27271686
27271787
27274973
27279834
27283516
27358308
27390069
27662795
28119799
28182528
28201429
29091138
29108567
29565876
29569345
29652938
29660161
29823669
29859690
29932818
30104478
30104535
30892946
30949635
31018833
32030233
32090576
32090745
32445504
32739723
32891540
33019228
33019833
33046569
33132444
33382347
34816404
34818434
34821007
34821008
34821308
34821399
34876107
35034470
35496856
35496938
36765273
38448681
43071642
43112893
43113222
43113397
43288193
44205915
45286949
45692063
45943473
46013796
46013833
46013888
46035271
46087901
46421744
46860740
46999181
46999644
48564001
48858394
48894396
49370085
49371150
50826795
50867886
51009447
