1032755
2884228
2897379
2908937
2931628
3037290
3869155
3871987
3872930
4561828
4758741
5293504
6013619
6079954
6233481
7191326
7717673
7983840
7995653
7995745
7995772
7995841
8076830
8456246
8456255
9101575
9379502
9379509
9379789
9383683
9432565
9518296
9522332
9552849
9901233
9901347
9901740
9905768
9906234
10526732
11604947
12806365
13145821
13146118
13146189
13284709
13433414
13515725
13520900
13520953
13542727
13920430
14021721
14197287
14197977
14220736
14543882
15062530
15139030
15202877
15252431
15324764
15412091
15461490
15467153
15522521
15522528
15523470
15613510
15613551
15616853
15632282
15636571
15964557
16100006
16245111
16245128
16402624
16454192
16554886
16614719
18231915
18234963
18451190
18773213
18877758
19172973
19556945
20120906
21094808
21666180
21798378
21804614
22268748
22849584
22854194
22854539
22885456
22893957
23654361
23747879
24394810
24615100
24882661
24981865
25418245
25478001
25478005
25611725
25612035
25652105
26032735
26307818
26660123
26660212
26660503
26671633
27865395
28065889
28080474
28195859
28213208
28241294
28252040
28614610
28719275
28783362
29163153
29163157
29401001
29772326
30214173
30214197
30724865
30743261
31050323
31063980
31160091
31205442
31209228
31662191
33205883
33208989
34092322
34236150
35323876
35323931
35893062
36048157
36053705
36053903
36057445
36334343
36342537
36497977
36501182
36501262
36513071
36626326
36664216
36667792
36670631
36686496
36814911
36903874
36941187
37042912
37258385
37267750
37268059
37268386
37278191
37288440
37942827
38113031
38379936
38732233
38827253
38971948
38991195
38995404
39008279
39032438
39613214
39654503
39656025
40607181
40621997
41289315
41840962
41870753
42226140
