1286146
2530050
3193656
3226103
3226106
3226112
3226113
3226117
3226120
3234501
3318123
3383970
3384138
3718833
3848978
3849043
5648499
5901512
6127993
6151435
6790290
7595787
8793006
9062105
9204212
9561160
9578021
9581455
9581461
9582683
9583875
9585578
9585621
9585637
9585807
9586311
9622260
9688185
9731860
10050770
10157172
12674112
12708773
12709484
12709493
12713274
12785899
12785935
12785938
12886718
12889830
12977143
13868626
13893570
13930423
13939838
13960405
14160038
14160161
14160201
14160715
14193655
14194273
16660833
16939637
16939665
16944612
16944620
17440024
17446720
17446732
17451893
19003257
20695129
20844620
20845799
21968802
24630741
27462076
27873657
29096210
29476272
29802996
30822230
30830742
30831443
30831545
30831566
30833013
30834129
30834359
30834661
30836094
30853324
31507754
31630475
32031279
32032419
32206926
32410927
32573831
32573842
32573885
32574160
32938621
32939272
33786911
33787794
33814791
33873540
33873552
33877447
33941085
34409803
35042739
36244006
36245248
37004446
37451245
37470971
37631204
38059048
38059098
38112566
38404130
38413492
39056482
39060435
39248781
39252785
39254526
39254698
39329980
39391323
39637658
39722556
39776023
40058097
40277083
40454519
40591994
40736452
40736459
40739026
41082286
41232274
41441409
41876039
41913647
42018512
42260761
42501330
42517415
42546091
42601056
43522636
43526026
43526444
43633677
43939868
43940209
43978393
44450997
44451184
44451257
44452109
44810707
