2	2940790	13	36
2	10104967	17	62
2	17811981	9	152
2	17846517	27	86
2	20290403	26	177
2	20956491	23	60
2	22774376	9	90
2	22775711	5	95
2	22955394	17	144
2	27066496	1	2
2	27939390	46	80
2	31009580	29	57
2	31439075	20	41
2	31465566	24	60
2	31640103	2	131
2	31923565	21	149
2	31924500	50	169
2	31925665	27	142
2	32527059	11	31
2	33030095	13	33
2	33039599	10	52
2	33039605	9	52
2	33106166	7	49
2	33174021	11	45
2	33323211	25	167
2	33428623	15	49
2	33515018	2	13
2	33554167	15	60
2	33644039	10	49
2	33683739	38	75
2	33782039	18	101
2	34016133	27	116
2	34148364	28	159
2	34423099	48	101
2	35128620	24	67
2	35128945	49	112
2	35246853	24	53
2	35453088	26	107
2	35514431	16	43
2	35896981	28	136
2	35926345	23	121
2	36751376	23	65
2	36880678	40	120
2	36880974	28	69
2	37194973	18	115
2	37248925	40	171
2	37333227	8	75
2	37345375	25	111
2	37346876	37	81
2	37355593	39	84
2	37363295	30	64
2	37383747	19	69
2	37384349	12	76
2	37405081	19	59
2	37405519	16	54
2	37407046	15	50
2	37407970	15	59
2	37712682	20	72
2	37712684	22	73
2	37999131	43	169
2	38092915	11	48
2	38180671	21	62
2	38593359	16	60
2	38722784	26	46
2	39156703	21	63
2	39311469	29	62
2	39389011	24	58
2	39529794	25	58
2	39629605	19	37
2	39876661	33	133
2	40100367	15	58
2	40102617	11	48
2	40104306	9	52
2	40161316	28	58
2	40170463	24	59
2	40304519	25	68
2	40556179	45	94
2	40556184	44	89
2	40825333	24	72
2	40825348	25	80
2	41145868	33	151
2	41159134	27	67
2	41165501	22	121
2	41200300	46	256
2	41200331	44	272
2	41200332	43	269
2	41282123	21	132
2	41288128	31	158
2	41292473	41	145
2	41302551	31	153
2	41303742	35	183
2	42274784	26	67
2	42314967	31	162
2	42347488	9	51
2	42396276	30	93
2	42399496	21	105
2	42565282	25	70
2	42565284	25	72
2	42856611	24	63
2	42918150	15	65
2	42919470	8	48
2	42919670	23	74
2	42925258	32	86
2	42952315	21	56
2	42952318	18	52
2	42963672	23	68
2	43404263	31	84
2	43557806	17	51
2	43591230	27	57
2	43591237	25	58
2	43694836	27	70
2	43802662	20	62
2	44568166	1	54
2	44764504	21	67
2	44795874	17	83
2	45050802	40	130
2	45077371	9	52
2	45081132	20	89
2	45092539	14	113
2	45312950	33	108
2	45423158	32	95
2	45650269	13	93
2	45651256	28	109
2	46479449	20	154
2	46669592	22	45
2	46733901	7	16
2	46733905	7	16
2	46861004	4	79
2	46912221	16	42
2	46992588	27	182
2	47015983	26	165
2	47557741	26	126
2	47558414	1	132
2	47592176	29	87
2	47592990	31	112
2	47759528	10	97
2	48110927	38	117
