2	2940790	3	23
2	10104967	22	63
2	17811981	11	142
2	17846517	24	70
2	20290403	35	184
2	20956491	30	67
2	22774376	19	107
2	22775711	16	96
2	22955394	26	161
2	27939390	40	88
2	31009580	36	57
2	31439075	28	62
2	31465566	23	85
2	31923565	24	126
2	31924500	44	166
2	31925665	52	158
2	32527059	2	25
2	33030095	7	63
2	33039599	11	51
2	33039605	10	51
2	33106166	7	54
2	33174021	12	71
2	33323211	31	176
2	33428623	11	54
2	33515018	1	10
2	33554167	18	46
2	33644039	5	50
2	33683739	39	96
2	33782039	28	121
2	34016133	27	106
2	34148364	35	130
2	34423099	66	124
2	35128620	44	107
2	35128945	63	119
2	35246853	14	55
2	35453088	19	79
2	35514431	4	14
2	35896981	23	92
2	35926345	36	101
2	36751376	39	73
2	36872393	27	48
2	36880678	83	159
2	36880974	45	75
2	37194973	76	133
2	37248925	56	146
2	37333227	6	40
2	37334853	1	30
2	37345375	42	78
2	37346876	75	109
2	37355593	93	128
2	37363295	52	94
2	37383747	26	73
2	37384349	28	60
2	37405081	36	74
2	37405519	29	66
2	37407046	49	74
2	37407970	38	66
2	37712682	36	63
2	37712684	35	63
2	37999131	83	188
2	38092915	21	57
2	38180671	37	62
2	38593359	46	76
2	38722784	33	51
2	39156703	40	73
2	39311469	24	34
2	39389011	41	64
2	39529794	36	62
2	39629605	52	66
2	39876661	61	141
2	40100367	22	56
2	40102617	28	64
2	40104306	20	58
2	40161316	21	44
2	40170463	42	72
2	40304519	58	75
2	40556179	59	88
2	40556184	58	86
2	40825333	32	61
2	40825348	37	68
2	41145868	41	141
2	41159134	31	69
2	41165501	43	138
2	41198868	1	269
2	41200300	38	269
2	41200331	48	257
2	41200332	46	255
2	41282123	25	144
2	41288128	34	158
2	41292473	57	175
2	41302551	49	163
2	41303742	64	192
2	42274784	29	53
2	42314967	27	120
2	42347488	13	47
2	42396276	31	68
2	42399496	34	114
2	42565282	38	67
2	42565284	38	67
2	42856611	35	68
2	42918150	18	58
2	42919470	22	57
2	42919670	15	50
2	42925258	35	73
2	42952315	17	51
2	42952318	18	51
2	42963672	33	70
2	43404263	44	76
2	43557806	34	73
2	43591230	33	55
2	43591237	29	52
2	43694836	33	64
2	43802662	28	63
2	44764504	35	65
2	44795874	19	52
2	45050802	54	107
2	45077371	2	28
2	45081132	33	97
2	45092539	4	84
2	45312950	33	72
2	45423158	48	100
2	45650269	19	76
2	45651256	47	86
2	46479449	41	156
2	46669592	25	37
2	46687650	1	151
2	46733901	2	25
2	46733905	3	26
2	46861004	3	54
2	46912221	5	32
2	46992588	45	166
2	47015983	36	132
2	47557741	40	103
2	47592176	39	75
2	47592990	62	103
2	47759528	3	70
2	48110927	25	73
