2	2940790	5	24
2	3685816	1	20
2	10104967	20	46
2	17811981	12	68
2	17846517	19	28
2	20290403	26	63
2	20956491	36	45
2	22774376	21	45
2	22775711	29	47
2	22955394	23	75
2	27066496	1	1
2	27939390	23	60
2	31009580	38	45
2	31439075	10	49
2	31465566	5	51
2	31640103	4	33
2	31923565	27	64
2	31924500	53	82
2	31925665	41	80
2	32527059	5	48
2	33030095	2	57
2	33039599	7	42
2	33039605	7	45
2	33106166	7	54
2	33174021	2	55
2	33323211	42	75
2	33428623	3	50
2	33515018	1	7
2	33554167	2	8
2	33644039	6	55
2	33683739	5	55
2	33782039	36	66
2	34016133	57	80
2	34148364	25	47
2	34423099	54	65
2	35128620	41	72
2	35128945	54	81
2	35246853	1	54
2	35453088	34	49
2	35514431	1	3
2	35896981	23	34
2	35926345	35	43
2	36751376	66	67
2	36872393	5	5
2	36880678	65	73
2	36880974	53	53
2	37194973	48	52
2	37248925	39	42
2	37345375	37	45
2	37346876	78	80
2	37355593	81	84
2	37363295	32	33
2	37383747	29	30
2	37384349	24	24
2	37405081	38	41
2	37405519	28	32
2	37407046	29	31
2	37407970	15	19
2	37712682	49	51
2	37712684	49	51
2	37999131	74	80
2	38092915	12	16
2	38180671	53	55
2	38593359	41	43
2	38722784	48	49
2	39156703	70	72
2	39311469	39	40
2	39389011	44	44
2	39529794	37	37
2	39629605	36	39
2	39876661	47	58
2	40100367	1	4
2	40102617	6	9
2	40104306	4	7
2	40161316	65	67
2	40170463	53	56
2	40304519	70	72
2	40556179	64	65
2	40556184	62	63
2	40825333	51	52
2	40825348	60	61
2	41145868	61	76
2	41159134	65	70
2	41165501	64	73
2	41200300	64	93
2	41200331	63	85
2	41200332	63	85
2	41282123	68	84
2	41288128	61	66
2	41292473	75	88
2	41302551	59	64
2	41303742	74	88
2	42274784	36	39
2	42314967	41	47
2	42347488	25	29
2	42396276	27	38
2	42399496	48	60
2	42565282	45	48
2	42565284	45	49
2	42856611	6	11
2	42918150	1	3
2	42919470	1	3
2	42919670	5	9
2	42925258	46	51
2	42952315	46	48
2	42952318	45	47
2	42963672	36	36
2	43404263	57	62
2	43557806	33	35
2	43591230	42	44
2	43591237	37	39
2	43694836	48	50
2	43802662	32	33
2	44764504	28	29
2	44795874	21	26
2	45050802	55	62
2	45081132	19	74
2	45092539	18	38
2	45312950	50	55
2	45423158	58	61
2	45650269	27	39
2	45651256	44	48
2	46479449	33	58
2	46669592	23	26
2	46700762	1	29
2	46733901	3	27
2	46733905	3	26
2	46861004	2	21
2	46912221	1	21
2	46992588	44	84
2	47015983	39	82
2	47557741	52	63
2	47592176	51	63
2	47592990	34	47
2	47759528	1	19
2	48110927	35	67
