2940790
3685816
10104967
17811981
17846517
20290403
20956491
22774376
22775711
22955394
27066496
27939390
31009580
31439075
31465566
31640103
31923361
31923565
31924500
31925665
32527059
33030095
33039599
33039605
33106166
33174021
33323211
33428623
33515018
33554167
33644039
33683739
33782039
34016133
34148364
34423099
35128620
35128945
35246853
35453088
35514431
35896981
35926345
36751376
36872393
36880678
36880974
37194973
37248925
37333227
37334853
37345375
37346876
37355593
37363295
37383747
37384349
37405081
37405519
37407046
37407970
37712682
37712684
37999131
38092915
38180671
38593359
38722784
39156703
39311469
39389011
39529794
39629605
39876661
40100367
40102617
40104306
40161316
40170463
40304519
40556179
40556184
40825333
40825348
41145868
41159134
41165501
41198868
41200300
41200331
41200332
41282123
41288128
41292473
41302551
41303742
42274784
42314967
42347488
42396276
42399496
42565282
42565284
42856611
42918150
42919470
42919670
42925258
42952315
42952318
42963672
43404263
43557806
43591230
43591237
43694836
43802662
44568166
44764504
44795874
44990825
45050802
45077371
45081132
45092539
45092850
45093225
45122883
45312950
45423158
45650269
45651256
45678308
46074216
46479449
46579638
46579764
46580009
46668805
46669592
46687650
46700762
46733901
46733905
46861004
46899975
46912221
46992588
47015983
47557741
47558414
47592176
47592990
47696198
47697095
47759528
48110927
